"X1" "X2" "X3" "X4" "X5" "X6" "X7" "X8" "X9" "X10" "X11" "X12"
"1" 0.0116770220187486 0.12281175059952 0.662309243514279 0.203201983867452 0.698097432905484 0.741295027403644 0.72961301261927 0.798037122319525 42.3056803033839 32.539896052544 23.336689508766 14.945456360052
"2" 0.00431169155783291 0.0672478077027224 0.645628944572893 0.282811556166552 0.595347101449275 0.700015595477776 0.724475629113434 0.807424732093537 47.0532528985507 33.1186269320118 22.8334309330236 14.85200364942
"3" 0.00267787063114641 0.0210813056927836 0.601772935038552 0.374467888637518 0.580047586206897 0.564484275076654 0.696595433411591 0.807677777229798 48.142914137931 36.9113939553219 22.4585512574997 14.8337638522427
"4" 0.0182940772924766 0.0125009528165257 0.429682140407043 0.539522829483955 0.65129375 0.618665853658537 0.712157069363136 0.835856315343317 43.47531875 35.2883286585366 21.485305002661 14.2956846849392
"5" 0.00345140781108084 0.0294277929155313 0.670935513169846 0.296185286103542 0.685973684210526 0.622409567901235 0.732097454988493 0.842862802821221 47.6117868421053 35.080875617284 22.004110180046 14.6745177246243
"6" 0.00904382470119522 0.0541035856573705 0.698645418326693 0.238207171314741 0.549150220264317 0.556536818851252 0.667098945027372 0.780057032948654 51.4322947136564 37.4554092047128 23.6271444057938 15.1921453420304
"7" 0.0137196352191106 0.0710999919296263 0.71358243886692 0.201597933984343 0.558218823529412 0.612076049943246 0.681023083012893 0.775252602081665 52.6257288235294 36.3571223609535 23.8268647477946 15.272871857486
"8" 0.00840870869505931 0.0504522521703559 0.640516340166356 0.300622698968229 0.514987027027027 0.529593153153153 0.64701075787681 0.774284245539764 53.0589340540541 38.5037554954955 23.9758391214874 15.1702899758089
"9" 0.0263575519216173 0.0805216311322707 0.602497757538122 0.29062305940799 0.521934031413613 0.541498800342759 0.645800721484196 0.799819254510921 54.7718612565445 38.4824119965724 24.3785128607421 14.850925379867
"10" 0.0279931389365352 0.0851457975986278 0.636432246998285 0.250428816466552 0.508575735294118 0.501993875906527 0.638169987063389 0.768166575342466 56.5649068627451 39.931439564867 24.4878714963346 15.1846432876712
"11" 0.00750449212556812 0.0459782264031286 0.67006658915548 0.276450692315823 0.541293661971831 0.618194482758621 0.73755655020112 0.833774632001529 51.8830225352113 35.7379002298851 22.3378940137235 14.7832121391703
"12" 0.0129897785349233 0.147572402044293 0.709114139693356 0.130323679727428 0.721745901639344 0.751993795093795 0.768831261261261 0.81933954248366 42.8582655737705 32.1823151515152 23.2130775975976 14.797264379085
"13" 0.081909318751424 0.076555023923445 0.352927773980406 0.488607883344725 0.595014325452017 0.63783125 0.670699483537766 0.808951060853346 55.4406461752434 35.8010492559524 23.4169614590058 14.0958829097692
"14" 0.0176353760379029 0.0836224705478851 0.656808084675329 0.241934068738883 0.547637856173677 0.586339107210988 0.677317527263012 0.793055542001846 51.3090600633198 36.8474456886684 23.829213437204 14.9924702855071
"15" 0.00587938562159717 0.0587242776879055 0.675885821635443 0.259510515055054 0.569937278106509 0.616452932464455 0.703826845274861 0.800678423486829 48.8535192307692 35.526365936019 23.0030145280008 14.9840402640928
"16" 0.00301833510681837 0.0299480232462961 0.65937832528444 0.307655316362446 0.542480338983051 0.57462401776563 0.705106270463186 0.787576427549968 51.0686894915254 36.8507748548001 22.517954345566 15.0880535235625
"17" 0.00301712216830513 0.0368843185075302 0.725693309531592 0.234405249792573 0.568553333333333 0.614805453306067 0.730080646502443 0.816977099646037 49.1885425 35.5612762099523 22.4150566399889 14.9142201866352
"18" 0.00948321936111606 0.0372339696591797 0.624576886708418 0.328705924271286 0.550255780346821 0.541872248803828 0.669697073020888 0.78306352872509 54.005376734104 38.1002006993007 23.32119303142 15.0850742224631
"19" 0.0124889369652867 0.0577385049801217 0.636760181504011 0.293012376550581 0.523976659167604 0.517182080291971 0.630394521968385 0.782980661632506 55.3417879640045 39.1574666545012 24.6181668074967 15.0708692221024
"20" 0.0118239611805534 0.0550658763551488 0.6377875372378 0.295322625226498 0.608014805194805 0.665548131622978 0.716785818847209 0.813908485856905 46.48402 34.2942175683213 22.9381840660664 14.7428253015807
"21" 0.00915450165656332 0.0581026924579349 0.62409757085606 0.308645235029442 0.579679573291189 0.608352197460159 0.697292179567425 0.817350633400912 48.3343886606085 36.1309244459661 22.9546197863783 14.9151331782546
"22" 0.013793473372366 0.120448421982085 0.660252680918134 0.205505423727415 0.65585723900688 0.692742302685667 0.676543259102797 0.77918011604911 45.032107074484 33.8772979600575 24.1914513787382 15.2061417224659
"23" 0.00430199209363615 0.030863240575666 0.57605353590161 0.388781231429088 0.515254954954955 0.523651318543324 0.654609793675712 0.789129916262378 53.2616744744745 38.4733508580996 23.4385715855573 14.9363108028178
"24" 0.00368188512518409 0.0329528718703976 0.638070692194403 0.325294550810015 0.634085 0.618072625698324 0.7160910271206 0.799725127334465 45.96547 35.2087016759777 22.0751891806117 14.9497478211658
"25" 0.00138140627158447 0.0161624533775383 0.542754524105539 0.439701616245338 0.52626 0.672922222222222 0.719767548994655 0.822012849513038 55.86632 33.1155555555556 21.9323990837363 14.6230805215206
"26" 0.0107350529297749 0.0793698126335669 0.634660305153819 0.275234829282839 0.592291666666667 0.643429931120852 0.676166797180893 0.790193156374142 48.3836648148148 34.9073797745773 23.8692427486296 14.8992920910076
"27" 0.00270743749004619 0.0383819079471253 0.704029304029304 0.254881350533524 0.565652941176471 0.612780124481328 0.711178839976474 0.799386922019495 50.0640305882353 35.4651033609958 22.9165023345247 14.9995397775556
"28" 0.00727755690813778 0.0413714245505401 0.5881627555149 0.363188263026422 0.631710345661107 0.630735156050685 0.695022974634138 0.815793666992802 48.038730722746 35.3825857683476 22.9229276084427 14.7625133383061
"29" 0.000744139898300881 0.00595311918640704 0.41088924717847 0.582413493736822 0.621783333333333 0.591316666666667 0.735688711137941 0.849706218057922 48.3348666666667 36.1814729166667 20.8382392695442 14.2874542802385
"30" 0.0073709277649079 0.0672455409936983 0.646487064426769 0.278896466814625 0.650776923076923 0.653601084076126 0.699253877765805 0.809034618959108 44.965350989011 34.5268223319682 23.237164404741 14.9100499651487
"31" 0.00672788881795413 0.0391027844620144 0.545400972351815 0.408768354368217 0.557161405109489 0.581878069073783 0.673066438186566 0.814337814987235 50.8300326642336 36.8683540502355 23.1383669446695 14.6832724342994
"32" 0.00264400377714825 0.0219074598677998 0.6359537299339 0.339494806421152 0.533978571428571 0.543791271551724 0.682990556442333 0.799769703080453 50.4027910714286 37.5012376077586 22.5756894391032 15.0526012655587
"33" 0.0100009086572318 0.0405928420526567 0.559536925558256 0.389869323731855 0.542703549119818 0.561128613899479 0.645149905861934 0.779060486381961 53.3480155877342 37.7228825224721 23.7184651207048 15.0008427252102
"34" 0.0112896040982237 0.0651623141600312 0.563157748204243 0.360390333537502 0.670611713933416 0.698915573595386 0.707240583364232 0.83943666808297 43.6398853267571 33.4299716727195 22.8127534816463 14.6053245393797
"35" 0.00530801877312653 0.0426533000744778 0.672498788258521 0.279539892893875 0.54811714922049 0.631749057649667 0.733152944485462 0.798290104034509 51.3348494432071 35.2356310144124 22.4106216503182 14.9874231920832
"36" 0.00424395525081198 0.043868639480332 0.573511367737279 0.378376037531577 0.649111224489796 0.670232872655479 0.71582495846967 0.826093903555623 45.0865462585034 34.1615076999013 22.5751195268059 14.5737229246147
"37" 0.0117983879791386 0.0886246763193406 0.65512965461906 0.244447281082461 0.597077588871716 0.650276152263374 0.67305723988198 0.782908474449832 48.4393630602782 34.9886713374486 24.1423143266715 15.1015195524058
"38" 0.00390579905337284 0.0348443452495479 0.73890791549621 0.22234194020087 0.555127586206897 0.593882164549972 0.720729426622227 0.811774229837314 51.8272955665025 36.1386498067366 22.647256150401 14.983788317757
"39" 0.00377698556793936 0.0201704281908902 0.630279496932028 0.345773089309143 0.591809824561404 0.588819448094612 0.724853535608402 0.82377548963244 48.2194452631579 36.337994021025 21.7592376080237 14.8175278525162
"40" 0.0103604838955419 0.0985769570649359 0.683791937105768 0.207270621933754 0.623132941176471 0.661439196290572 0.69583135026738 0.791212378712143 46.5287435294118 34.3405149613601 23.7166797950089 15.1109565862981
"41" 0.00298970078586421 0.0454434519451359 0.768096841899741 0.183470005369259 0.592448163265306 0.629366890440387 0.719784195475343 0.812101749251746 47.6930167346939 34.8902380504834 22.8584659157346 15.0742708480213
"42" 0.00227020482292402 0.0385178084956109 0.754187266673393 0.205024720008072 0.611252222222222 0.635184446627374 0.708503352954948 0.795058519931102 45.3119488888889 34.7664964636542 22.9725387788889 15.1538061023622
"43" 0.00374154554612174 0.0366239746726148 0.654770470571305 0.304864009209958 0.603867307692308 0.623645776031434 0.683549747252747 0.780802478168515 45.7598403846154 35.4290157170923 22.8061732197802 15.2290551805523
"44" 0.00599443653602539 0.0688250120802915 0.729048856616735 0.196131694766948 0.610142265795207 0.653510898165718 0.715740615744721 0.791639252896524 45.8352868554829 34.4133156293485 23.2781543302761 15.1196488413903
"45" 0.00256544807882922 0.0251005772258177 0.610984782228441 0.361349192466912 0.533694318181818 0.578996515679443 0.691497170531539 0.771566728519564 51.3149113636364 36.7647451800232 22.820597175303 15.0954523840258
"46" 0.0156716740984458 0.0515606736222347 0.704446079916879 0.22832157236244 0.616072651933702 0.596565994962217 0.691649434611603 0.798731664770573 45.7752267955801 36.2289266162888 23.2821978613569 15.1011392112249
"47" 0.021203300204971 0.0878929328074134 0.597130406324819 0.293773360662797 0.642125020308692 0.672168801442345 0.627985416354175 0.715222800722343 46.2205796100731 34.9656815944187 24.5371198150434 15.726077674195
"48" 0.00973598273094592 0.0765871478386008 0.689577683068578 0.224099186361875 0.587808186469585 0.616835340030353 0.669947113640377 0.779234047125074 47.709605173394 35.7292536460215 24.1067562037468 15.1480549841928
"49" 0.00963418039653728 0.0389341181019483 0.608682576847894 0.342749124653621 0.559835897435897 0.585083613793103 0.705738488142292 0.823004521809977 54.9635930880713 36.7245284965517 22.489453167349 14.8583247336425
"50" 0.00460334509743747 0.0239373945066749 0.59950897652294 0.371950283872948 0.633446666666667 0.628658974358974 0.715044484259022 0.834575288778878 49.2566933333333 35.4714980769231 22.0277986178654 14.5582433993399
"51" 0.00771830158186003 0.0535138841275283 0.678730594054557 0.260037220236055 0.627280203045685 0.641210670815411 0.706290849989177 0.823273248959452 45.3872133883249 35.0127638235563 23.1821434071722 14.8988036084901
"52" 0.00957374197406331 0.0533149710774336 0.64996949691043 0.287141790038073 0.554886666666667 0.581848470543807 0.720919091385009 0.834258440556744 51.6937500525762 36.7056751699396 22.6368726668959 14.6440025123584
"53" 0.00239731207686067 0.021172436870018 0.45162288401685 0.524807367036271 0.620250478011472 0.634153940246807 0.695644407342187 0.843071211214708 47.2262731357553 35.1433352132496 22.4099766991622 14.3140058392471
"54" 0.0103106613771824 0.0685333180014949 0.590754901397114 0.330401119224209 0.638086802973978 0.639241163310962 0.674827179237632 0.809613874709977 45.8646604089219 35.4849804809843 23.509028324412 14.8923559338747
"55" 0.0122109250398724 0.101824162679426 0.655841307814992 0.23012360446571 0.694560734693878 0.704563083700441 0.706613548347874 0.812306644719744 43.283287755102 33.5921070386686 23.4596005137247 14.8922789569436
"56" 0.00678275192658392 0.0319665862697806 0.668427554562033 0.292823107241602 0.616698091934085 0.611067592933382 0.755450855438016 0.817682861562569 46.0412056374675 35.5534356827383 21.8662110661292 14.7440645960986
"57" 0.0176209791529101 0.100518818979342 0.611376285256108 0.27048391661164 0.694981156316916 0.685957075825826 0.698833805468123 0.828401785589733 43.542732012848 33.978241234985 23.4970075325557 14.6355021134128
"58" 0.00172070473139691 0.024836587160729 0.67837972382148 0.295062984286395 0.58336855345912 0.632141176470588 0.748265404801787 0.833537990097194 47.3973301886792 34.8275529847495 21.6146030039084 14.7844531120484
"59" 0.000845010914724315 0.00471797760721076 0.473065277093162 0.521371734384902 0.641641666666667 0.566035820895522 0.75509108365585 0.842415950837385 48.212075 36.6982850746269 20.2482473504019 14.715770556456
"60" 0.0206378986866792 0.0292319796647098 0.686376565998911 0.2637535556497 0.675348093841642 0.695623188405797 0.788845225288775 0.845143896282698 41.8456894428152 33.941351552795 21.0523590688652 14.7355815741166
"61" 0.0126955629648628 0.00705309053603488 0.575019235701462 0.40523211079764 0.650962626262626 0.593830909090909 0.756141413916146 0.853728449367089 43.9758636363636 35.1006818181818 20.7426225468332 14.6125158544304
"62" 0.0272727272727273 0.0181818181818182 0.481818181818182 0.472727272727273 0.733966666666667 0.54025 0.693362264150943 0.842023076923077 49.5954666666667 35.2314 22.5581018867925 13.8916903846154
"63" 0.033096926713948 0.0851063829787234 0.517730496453901 0.364066193853428 0.540878571428571 0.588336111111111 0.700767579908676 0.830687662337662 52.3417714285714 37.6741388888889 23.0760520547945 14.4733922077922
"64" 0.000928612884503773 0.0216482878699942 0.762971561230412 0.21445153801509 0.54113125 0.654995978552279 0.803522843450479 0.840062868741543 49.23065625 34.5394672922252 20.9881793625437 14.8380036265223
"65" 0.0107653931994223 0.0593409478797427 0.729683602468163 0.200210056452672 0.687524390243902 0.719091592920354 0.760431414177762 0.833861573770492 43.6385341463415 32.8733148230088 22.0546749550198 14.8688811147541
"66" 0.00552169822896642 0.0563826741380016 0.640680600433556 0.297415027199476 0.595488888888889 0.625972324990932 0.683746175944842 0.796991638589012 47.5065840740741 35.4748789626406 23.398096977145 14.9434564945335
"67" 0.0132921790212575 0.0153830835863992 0.623935878926669 0.347388858465674 0.660951123595506 0.601813430420712 0.754913077475465 0.831669074233305 42.7191466292135 36.2549800970874 21.0415047235299 14.7150628403554
"68" 0.00308304326205868 0.035604177026355 0.661909497762307 0.299403281949279 0.576578629032258 0.64250125698324 0.740269175869582 0.829434184520844 49.6545366935484 34.822180726257 22.0352750995417 14.7353031224049
"69" 0.00329538645895746 0.042379130755404 0.742913766880214 0.211411715905425 0.592265734265734 0.637239206090266 0.771318133879273 0.81769253324613 47.7396517482517 34.750572593801 21.8924625504064 14.8631768585132
"70" 0.00628090338099693 0.0341217871620117 0.658648492137734 0.300948817319257 0.578025531914894 0.562199608355091 0.693272588935479 0.813896862048549 52.5586113475177 37.237431462141 22.966301487894 14.8271414594435
"71" 0.00095345410418653 0.0132616798127763 0.625032504117188 0.360752361965849 0.566863636363636 0.618024183006536 0.737671793093884 0.801234598750601 56.9355272727273 35.0349209150327 21.1511417556511 15.1043404613167
"72" 0.00251509054325956 0.00955734406438632 0.475352112676056 0.512575452716298 0.48307 0.59515 0.709204656084656 0.814677134445535 53.41952 35.6465552631579 21.2999812169312 14.796158047105
"73" 0 0.00498753117206983 0.602244389027431 0.392768079800499 0 0.541 0.765225051759834 0.839800317460317 0 39.15695 20.4193296066253 14.870186984127
"74" 0.00142143906020558 0.0139911894273128 0.562831130690162 0.42175624082232 0.610881818181818 0.652075062972292 0.756511805222183 0.847857654169684 47.9965280991736 34.5596137699412 21.1848500553109 14.4703483956326
"75" 0.00363967242948135 0.0234097113078005 0.635081479030524 0.337869137232195 0.566836363636364 0.585734275618375 0.748048257896451 0.829492238952136 51.9875375 36.2631473498233 21.4629267274503 14.7613619782103
"76" 0.00927940444048337 0.0764633411098587 0.692600068153818 0.22165718629584 0.598134463276836 0.631585875899897 0.705015388691242 0.797701833017975 47.5174093220339 35.2676685978745 23.4017930777382 15.013430487228
"77" 0.00179627273407679 0.0161664546066911 0.607140184117955 0.374897088541277 0.5299875 0.56769537037037 0.699183468934911 0.782103473747255 56.1695625 36.8468518518519 22.2382949457594 15.1266074465961
"78" 0.00554405677114134 0.0572885866351271 0.713212103291938 0.223955253301794 0.632948 0.705250709677419 0.751568032475384 0.820125932445814 46.0765684444444 33.3589016344086 22.2626189220936 14.9058365056662
"79" 0.0164247672480384 0.0837093954547302 0.685388462007562 0.214477375289669 0.579595173267327 0.618138440990772 0.718581454459175 0.823377689318548 48.8326266089109 35.8376637688198 22.9312860367174 14.8919993839447
"80" 0.00153174367298416 0.0188381609931186 0.64015454607805 0.339475549255847 0.529641791044776 0.615408980582524 0.704936716545838 0.794242797494781 51.6392164179104 35.4525377427184 22.3840853683797 15.0496964576739
"81" 0.0459507489210459 0.052043665905052 0.64001015486164 0.261995430312262 0.670408839779006 0.727393170731707 0.761523998413328 0.816434205426357 40.9359331491713 33.1695956097561 21.8984307814359 14.8713928294574
"82" 0.000707380334826692 0.0188634755953784 0.736382928554586 0.244046215515209 0.571666666666667 0.6501825 0.794684502081332 0.838181304347826 46.7351166666667 33.939531875 21.1359498398975 14.7574576811594
"83" 0.004739336492891 0.0497420626599002 0.697097214649536 0.248421386197673 0.53606656833825 0.600281646992692 0.714605896863385 0.798123268552562 50.5166684365782 35.9472744238336 22.9383490661016 14.9413818376229
"84" 0.00376871296586516 0.0449484320661502 0.723003328407887 0.228279526560098 0.58695702970297 0.627826730865017 0.738650231727583 0.807058288927392 47.5973295049505 35.002632790968 22.5619412526708 14.9292639870542
"85" 0.0102758106109198 0.0668254944824788 0.66287487073423 0.260023824172372 0.618398598726115 0.640495102840353 0.694398748000553 0.787680185259766 46.9638 35.1165912047013 23.2406796263749 15.086741220298
"86" 0.0159279052708792 0.039804793341417 0.670843250849538 0.273424050538166 0.592548872180451 0.592093042497179 0.727918876218954 0.806347911305776 47.1305434210526 36.3477937570515 22.4832558476335 14.8594662031207
"87" 0.00658052316419792 0.0660321462338481 0.690501103057044 0.23688622754491 0.584783141762452 0.664186311569301 0.704732520904079 0.785604858708956 48.9192166666667 34.3044281977854 23.3112560740497 15.1239718482252
"88" 0.0262032556093269 0.0698988121425429 0.603713154421469 0.300184777826661 0.708660935751063 0.679391549177576 0.72270406634408 0.815859241020831 45.2202916722633 34.439584264854 22.6033683388717 14.6944464141947
"89" 0.00218844265688768 0.0242503105222689 0.648488791624771 0.325072455196073 0.591643243243243 0.605504390243902 0.744038544326888 0.842508733624454 49.7756756756757 35.8161824390244 21.8640403684787 14.638620724163
"90" 0.0142126741404381 0.0942977312882093 0.704911112153478 0.186578482417875 0.699246864686469 0.721077665395457 0.755581623192263 0.809146735942345 43.5874278327833 32.9903661250207 22.6785641225268 14.9258898097712
"91" 0.0286351008944653 0.0412430930793418 0.671673230149281 0.258448575876912 0.637617484008529 0.630573575129534 0.734846218525589 0.809721639499173 44.6481271855011 35.3564062916358 22.4132218480138 14.956633167966
"92" 0.00539277368326443 0.0293007370124034 0.684522739529031 0.280783749775301 0.574693333333333 0.574726993865031 0.706089338235294 0.795764276568502 51.6351333333333 36.9754104294479 22.8238358193277 15.1113494878361
"93" 0.00707126606407182 0.0719424460431655 0.7247740269323 0.196212260960462 0.597875652173913 0.694525384615385 0.736571621277679 0.789253086806644 47.7421356521739 33.442018974359 23.1052804615254 15.1644911626449
"94" 0.00458361358144633 0.0464589093988989 0.634780659143562 0.314176817876093 0.656120652173913 0.667030563002681 0.714051950396358 0.821104178560102 45.1151663043478 34.1404004825737 22.5851559453732 14.8246249603552
"95" 0.00268530237165025 0.0295053100753866 0.669751829637374 0.298057557915589 0.563295081967213 0.601937299515106 0.711441663243341 0.80252922866743 50.5655155737705 35.7589421111526 22.5916655931117 14.9859473211978
"96" 0.00262691357066139 0.0392742989505286 0.712462957930561 0.245635829548249 0.545515763546798 0.618808072487644 0.734721050910874 0.821513439047519 49.6041157635468 35.2629468204283 22.4195987631001 14.8695029343589
"97" 0.00889679715302491 0.0384341637010676 0.62514827995255 0.327520759193357 0.59184 0.596196913580247 0.709267836812144 0.82281785584933 51.483224 36.3734191358025 22.5161545920304 14.6244893154654
"98" 0.00145576707726764 0.0144456886898096 0.702388951101157 0.281709593131766 0.646917948717949 0.624111111111111 0.775465435510443 0.842943116470121 49.2086666666667 35.2526351421189 21.0098828771855 14.6928673247648
"99" 0.00112504922090341 0.0187320695280419 0.6325026719919 0.347640209259155 0.538785 0.586075675675676 0.72259477054429 0.815322669902913 50.033915 36.1934036036036 21.9612986125934 14.849922184466
"100" 0.0228959749085206 0.0235232618923157 0.669001568217459 0.284579194981704 0.62584703196347 0.622652444444444 0.741150429754649 0.825487766348273 45.3636506849315 35.7071457777778 21.5923051883107 14.9067911829537
"101" 0.00433282516248094 0.0324961887186071 0.613897135521143 0.349273850597769 0.56925462962963 0.575321358024691 0.67271122729055 0.799822042269699 48.8589416666667 36.8025601234568 23.1797646974252 14.8677308982311
"102" 0.00885424569866281 0.0546162672140007 0.633387374580382 0.303142112506955 0.559922489476849 0.594355585884188 0.648168812861196 0.739289860545174 49.6468833132892 36.5181885698967 23.9848621212567 15.4060219834551
"103" 0.00222242800259283 0.0260903787387721 0.70710250949162 0.264584683767015 0.571448958333333 0.644027329192547 0.760191330539549 0.830750888091697 49.87575 34.5882166814552 21.8469680395495 14.7801082771896
"104" 0.00682093453177791 0.0562503984190731 0.725938675336266 0.210989991712883 0.584354205607477 0.633324977334542 0.751927952721333 0.828526533325276 47.7849542056075 34.9258167044424 22.2346805265284 14.7628391201885
"105" 0.00768095652502932 0.0475487784882768 0.712840692673452 0.231929572313242 0.60498275862069 0.620770079575597 0.719707839841469 0.803126657240742 46.3073267651888 35.302360795756 22.766593375679 15.0179399206047
"106" 0.00561481183336687 0.0739987925135842 0.645824109478768 0.274562286174281 0.605803225806452 0.691567011150394 0.723720597675361 0.816870483031591 46.921141218638 33.6118078868643 22.9830988657256 14.7682141977571
"107" 0.00186795688388045 0.0310509554140127 0.700238853503185 0.266842234198922 0.643785245901639 0.707073372781065 0.767213910875935 0.824458664218499 44.9647245901639 32.8199262327416 21.7253370402764 14.799766628414
"108" 0.00735907302014601 0.0539128908135945 0.698790068909014 0.239937967257246 0.608914711729622 0.617077096336499 0.708284596863681 0.7966635 46.0099787276342 35.4687091723202 23.1445214894374 15.0187238109756
"109" 0.00575416671349419 0.063329549669023 0.699356027826791 0.231560255790692 0.574151171875 0.621002040816326 0.713373274088835 0.808579979615609 48.0776359375 35.3924272937001 23.1333609388057 14.9503870025238
"110" 0.00377575128618428 0.0464351166950032 0.730883879087637 0.218905252931175 0.566414619883041 0.60659029957204 0.728390964019214 0.814186796449465 48.4534391812865 35.750929957204 22.7309593698076 14.9113756909421
"111" 0.00426100760297435 0.0555044977302476 0.72601442615646 0.214220068510318 0.564017647058824 0.629957576517812 0.734740354443976 0.825955655226209 49.5671901960784 35.0387622679378 22.6820752771491 14.8126798231929
"112" 0.00512590504260909 0.0358813352982636 0.654962516819376 0.304030242839751 0.55185125 0.559690178571429 0.700095353159851 0.798019030558483 50.64763 37.4387692857143 22.8009148698885 14.9812185036881
"113" 0.0138747152384781 0.0942006576573791 0.661729082269021 0.230195544835122 0.599142867756315 0.620729162335175 0.671333977724122 0.791518811992029 47.6139070208024 35.7639576407507 24.0422648555183 15.0609123278777
"114" 0.00565675934803452 0.0433365292425695 0.746692233940556 0.20431447746884 0.560484745762712 0.621109292035398 0.760608782742681 0.828680478648522 48.2042118644068 35.2341154867257 22.0707300077042 14.841514547161
"115" 0.0142437771967416 0.140946375812952 0.683644670146591 0.161165176843715 0.694458780649437 0.812697173854808 0.759933000579902 0.81833751903479 41.5668024519549 30.7734816434503 23.0372689531384 14.9273695853344
"116" 0.0178161074914164 0.0925680607748249 0.696531401227392 0.193084430506367 0.599239301972686 0.64556550817757 0.716628582518242 0.812533211985438 48.7020286798179 34.9227613609813 23.3321908011178 14.8755932791935
"117" 0.00261995273810747 0.0258912976471797 0.65113531285318 0.320353436761533 0.554450980392157 0.585097023809524 0.723302461538462 0.819336610006414 50.8273901960784 36.2453398809524 22.1295950138067 14.8066755131495
"118" 0.00288216383992905 0.0272974171377896 0.680273805564793 0.289546613457488 0.5403125 0.578412893401015 0.721301266957266 0.807337174578867 50.7220903846154 36.6654031472081 22.0430197009818 14.9612953292496
"119" 0.00531963679721178 0.0515454462074658 0.69901861872879 0.244116298266532 0.571835517241379 0.610407758007117 0.720294777862335 0.808919078749624 48.2415037931034 35.6865779715302 22.7921077072454 14.9314404343252
"120" 0.00391280044717719 0.0528228060368921 0.668138624930129 0.275125768585802 0.670167142857143 0.723705185185185 0.760969539027859 0.822026940268184 44.0543271428571 32.6344700529101 22.1219684179704 14.7309422186103
"121" 0.000672344240251008 0.00931943821903481 0.562509338114448 0.427498879426266 0.540872222222222 0.552771142284569 0.702148268534812 0.786871515945828 51.9349777777778 37.1428168336673 21.7996592317142 15.0761620795107
"122" 0.0212298614148898 0.0614651489627058 0.655445212810513 0.261859776811891 0.61497220517317 0.615024894003634 0.64557153486787 0.752792194775191 46.4731586146427 36.1805230920654 23.9632907132613 15.5029549102541
"123" 0.00131995776135164 0.0123416050686378 0.615991288278775 0.370347148891235 0.569485 0.589280481283422 0.759380987839503 0.838612278356946 51.620655 36.0154385026738 20.989273321905 14.6995230063263
"124" 0.00104059462550029 0.0107604345340194 0.480526014865638 0.507672955974843 0.552163736263736 0.578738575982997 0.69833876302889 0.81508484322912 51.4949868131868 36.3845908607864 22.0351101827614 14.5823394359852
"125" 0.0259067357512953 0.0362694300518135 0.512953367875648 0.424870466321244 0.67744 0.581871428571429 0.65049595959596 0.832646341463415 55.0389 35.1431142857143 23.3730727272727 14.0617646341463
"126" 0.010517913321125 0.0134291214725079 0.471756585434568 0.504296379771799 0.625397767857143 0.551162587412587 0.681167114561561 0.803622932960894 46.0137584821429 37.5395741258741 22.2315309744202 14.8090501582868
"127" 0.00392196639280522 0.0615343003009095 0.705784900429388 0.228758832876898 0.651270689655172 0.681223901098901 0.72036691257485 0.817734126514928 44.2746879310345 33.8002024175824 22.8024714443114 14.8845591486846
"128" 0.00649706457925636 0.0568688845401174 0.688297455968689 0.248336594911937 0.591433132530121 0.636798176187199 0.718725034118048 0.796411725768322 48.0580719879518 35.2266416379904 22.8811986466507 15.0049356185973
"129" 0.00397942346889256 0.0319809764146365 0.601135591575269 0.362904008541202 0.567532926829268 0.587432625189681 0.665375676112053 0.775997419096015 48.9896585365854 36.6737113808801 23.3007930976023 15.0741286039048
"130" 0.000743563528208941 0.00845803513337671 0.675527465377823 0.315270935960591 0.613375 0.643534065934066 0.787135181618052 0.851787588443396 46.4709 34.2326032967033 20.2385029444139 14.7030619693396
"131" 0.0461847389558233 0.178714859437751 0.465863453815261 0.309236947791165 0.696547826086957 0.737133707865169 0.75780775862069 0.849398701298701 40.7562565217391 34.1116269662921 21.1505206896552 14.5340064935065
"132" 0.0148474465655082 0.0456844509707946 0.686082558329254 0.253385544134443 0.522897802197802 0.588564642857143 0.734441450653983 0.814299291693496 56.1921912087912 36.9601032142857 21.9858025921522 14.9890184803606
"133" 0.00099304865938431 0.0105925190334326 0.605097649784839 0.383316782522344 0.5197 0.565428125 0.733099507658643 0.834598618307427 54.6342666666667 36.707140625 21.0850067833698 14.7985376511226
"134" 0.00721564038808444 0.0333479596314173 0.636146457998147 0.323289941982351 0.555803378378378 0.527558333333333 0.656173030349479 0.771279233901372 50.3737885135135 38.6665850877193 23.4771264868179 15.1682705172674
"135" 0.00635705764022537 0.0683427237814914 0.748765598739038 0.176534619839245 0.580745616438356 0.628832594291539 0.749283964272007 0.807836908050513 47.9564146575342 35.2796055937819 22.7511522568415 14.9425529696133
"136" 0.00440353726764122 0.0281898574264573 0.522757624977441 0.444648980328461 0.638818852459016 0.656344558258643 0.692426969550508 0.811541326406364 47.8984098360656 34.6494349551857 22.304376089208 14.645667245718
"137" 0.00165692857765763 0.0251155489665998 0.635214092613587 0.338013429842156 0.548736842105263 0.567584027777778 0.690120963756178 0.79085737874097 50.2370210526316 36.7434791666667 22.7132609143328 15.0539562177503
"138" 0.129531174480425 0.0811986466892218 0.516674722087965 0.272595456742388 0.697446641791045 0.705075595238095 0.732919738072965 0.827242375886525 39.8580160447761 34.8123601190476 22.178071655753 14.9341673758865
"139" 0.0152715471986256 0.0303522000572683 0.744678820272979 0.209697432471127 0.670035625 0.716610062893082 0.789648756729044 0.847922940373236 41.772685 32.255256918239 21.5456828761856 14.7538859353664
"140" 0.00296491517048262 0.0151540108713556 0.645033767089442 0.33684730686872 0.590955555555556 0.577953260869565 0.737863610827375 0.823172958435208 49.7822222222222 36.0931391304348 21.2980786516854 14.9877516870416
"141" 0.00386100386100386 0.0680501930501931 0.793315637065637 0.134773166023166 0.61565625 0.715966134751773 0.774092775665399 0.815709310653536 46.843521875 33.014539893617 22.5057180380228 15.0724882721576
"142" 0.00703109526638938 0.0433749257278669 0.710041592394534 0.23955238661121 0.574854929577465 0.648991324200913 0.725385285913529 0.806760272840017 50.5529070422535 34.7203166666667 22.3502518967922 15.067627738735
"143" 0.0140252454417952 0.140117596288704 0.650178012730607 0.195679145538893 0.819035769230769 0.825388970163619 0.75789945656683 0.823292019297037 39.6517678846154 30.6604426371511 22.7308103833071 14.88574417643
"144" 0.00173783515392254 0.0211643495531281 0.753972194637537 0.223125620655412 0.599307142857143 0.655750439882698 0.804909301942707 0.843126509040334 47.6996428571429 34.0097360703812 20.7382161919658 14.8272000834492
"145" 0.0174529938696038 0.130640414347955 0.706531378118213 0.145375213664229 0.656023564064801 0.705273241515002 0.73785691365997 0.813015563806745 44.4481 33.3794302410231 23.3937990013552 14.9437746585334
"146" 0.00911784818782767 0.0789548666514703 0.741138591292455 0.170788693868247 0.6553309375 0.675398339949477 0.732706155088232 0.80533958958959 43.749270625 33.8807742692169 22.9280677713275 15.0336933933934
"147" 0.0140755090264611 0.139003379770835 0.649884593190998 0.197036518011706 0.725838945827233 0.75749547813195 0.73989166323133 0.822912090785483 41.7598067349927 32.1058021497405 23.0459002600285 14.8755540633825
"148" 0.00530444783959624 0.0728202839338746 0.704135409335142 0.217739858891388 0.622055987055016 0.67111402640264 0.729677156370374 0.816533948281299 45.490998381877 33.9552712399811 22.9691688770784 14.8589271128981
"149" 0.00753353973168215 0.0617506332676611 0.679360165118679 0.251355661881978 0.687890784557908 0.668819857186266 0.74218456354522 0.820737679157958 43.0555216687422 34.314000607718 22.4167522047146 14.8321310689758
"150" 0.00155262876110933 0.0228611200342649 0.597333761644716 0.37825248955991 0.695522988505747 0.707287900078064 0.768350476531923 0.839233083274357 44.2388206896552 33.1564736924278 20.983457419856 14.6230788204765
"151" 0.00758097863542385 0.0602812440429931 0.751689957036233 0.18044782028535 0.584531141199226 0.629628922403308 0.73685649103642 0.803287680806111 48.1602531914894 35.0362601800049 22.8479221056122 14.998562953031
"152" 0.00224170568895088 0.0306615522566504 0.744321012254658 0.222775729799741 0.56786 0.653153614947197 0.760408988388047 0.817419991055456 48.9204277777778 34.3476652315191 21.96399660342 14.8988021019678
"153" 0.016183397885481 0.100680414529467 0.699445200460588 0.183690987124464 0.694413065976714 0.728909024745269 0.740186288125954 0.810172270344199 44.2351254851229 32.8501161987939 22.9168736717651 15.0067279803966
"154" 0.00428152104345523 0.0579770916554479 0.758734082231688 0.179007305069409 0.66630824742268 0.714170688998858 0.763724407341691 0.822474725681174 43.5306855670103 32.9258110772745 22.4963491491899 14.8345506226113
"155" 0.0176313284684766 0.0473643656800979 0.677967638127181 0.257036667724244 0.665105912596401 0.646035598086124 0.721917094531354 0.795754364309646 42.8018650385604 35.0520138755981 22.6487318224362 15.0039000529007
"156" 0.0042356314349016 0.0443763847256614 0.741300664668317 0.21008731917112 0.508278461538462 0.672235829662261 0.747454966596343 0.816266098014888 52.84882 34.1757142437592 22.3796205256681 14.9777995657568
"157" 0.000547595144656384 0.0144200054759514 0.683855069818381 0.301177329561011 0.554216666666667 0.613035443037975 0.744629587615107 0.827069484848485 48.0821833333333 35.2820120253165 21.7396136393968 14.7759358484848
"158" 0.00919555437946547 0.087572770574226 0.716293993119873 0.186937681926436 0.631768884892086 0.679734202077432 0.732070819672131 0.792238352649739 45.1430059352518 34.0299570538244 23.1383542114985 15.0750161107671
"159" 0.0480211081794195 0.0630079155672823 0.605804749340369 0.283166226912929 0.605570549450549 0.531626465661642 0.666580836236934 0.755512038762579 48.7049224175824 39.2029579564489 23.7601831358885 15.2319065225494
"160" 0.00567167827893901 0.064637574868598 0.681444811147781 0.248245935704682 0.598915193965517 0.675510391452345 0.728304105903245 0.796784319759712 47.1058592672414 33.9206446293495 22.8850138128038 14.9355942463932
"161" 0.004490610047195 0.0532006496125214 0.702050203276401 0.240258537063882 0.626222330097087 0.691738332308953 0.722410120942075 0.802165231592796 46.2653199029126 33.4896912313051 22.8922668643555 15.0196486095359
"162" 0.00764015167533584 0.0482654600301659 0.707841727632822 0.236252660661677 0.602542250922509 0.604936623831776 0.694792064124266 0.791790650357995 46.6256241697417 35.8202772196262 23.164616722095 15.0947902207637
"163" 0.00420997237205631 0.0269701355084857 0.615050651230101 0.353769240889357 0.53811875 0.550124878048781 0.674979914438503 0.798191446634437 53.477225 37.5706785365854 23.027148171123 14.9270132391224
"164" 0.00810284731338554 0.0380245348784573 0.736227422932416 0.217645194875741 0.652412290502793 0.644679523809524 0.735482913182489 0.806437437603993 43.273094972067 34.6568811904762 22.3889726881456 15.0540001663894
"165" 0.00369649805447471 0.0296044098573281 0.569066147859922 0.397632944228275 0.535264035087719 0.576122672508215 0.674748923076923 0.784462611106581 51.968101754386 36.9403798466594 23.0505736410256 14.92781741825
"166" 0.00188721136767318 0.0242007104795737 0.661745115452931 0.312166962699822 0.569435294117647 0.603064678899083 0.708337007213555 0.811675533428165 51.1134176470588 35.8351655963303 22.4509546552592 14.9299744665718
"167" 0.00282521610794856 0.0308524843629208 0.638105277953475 0.328217021575655 0.539213930348259 0.571010387243736 0.672355222697035 0.767784137724294 51.8347885572139 36.9117150341686 23.2050860896956 15.2434972635005
"168" 0.00425313142643485 0.0241166573191251 0.605783012401072 0.365847198853368 0.544877655677656 0.567268023255814 0.738624855981895 0.831635791849423 53.0019128205128 36.8700551679587 21.8884187866475 14.6530512029979
"169" 0.0317831268988081 0.119420425333022 0.670250058424866 0.178546389343305 0.538038235294118 0.578530919765166 0.667187970711297 0.771624345549738 50.8498933823529 37.0555528375734 24.3379054393305 15.350472513089
"170" 0.0032416564629054 0.0390490094502527 0.581551599635804 0.376157734451038 0.570786198547215 0.616575075376884 0.680185264266048 0.806839401969786 48.7835280871671 35.4996614271357 23.1119240741241 14.780771888824
"171" 0.00803449984711254 0.0684724960723738 0.68227876129522 0.241214242785293 0.596471391076115 0.648709316291962 0.717938599554924 0.809402793198409 47.9058822834646 34.7166304434863 22.9654355427459 14.904983057219
"172" 0.00370046156294764 0.0370311422356624 0.684638442357685 0.274629953843705 0.579605017921147 0.608557127507163 0.722185059764815 0.807468951028687 49.0826390681004 35.7243432664756 22.5203590887076 14.967916623201
"173" 0.00266072749220058 0.042911668947695 0.687819308550881 0.266608295009223 0.64148945686901 0.690665312995246 0.725863599174422 0.795232637183943 46.9802645367412 33.6125240491284 22.6973253259674 15.0369517711954
"174" 0.0268095931812746 0.114674610249831 0.601313300428345 0.257202496140549 0.644891321978913 0.684899632157755 0.649662641836919 0.766649473328261 47.9261320032441 34.6286643610163 24.4187761815223 15.2456269557866
"175" 0.0019893899204244 0.0243727442709919 0.719561247119189 0.254076618689394 0.550927868852459 0.613196565566459 0.771373928479703 0.827127896628444 50.5634644808743 35.3558748438894 21.3678113701258 14.7322966327229
"176" 0.00658494616025971 0.0674424792889961 0.648883291053911 0.277089283496833 0.625505010775862 0.661367652164764 0.662410814091453 0.823851573003496 47.8065352909483 34.5663961807565 24.0706497460236 14.8223866643619
"177" 0.00504130375102947 0.0624360478175148 0.730571014999126 0.201951633432329 0.674098267326733 0.719710642550215 0.763034660483547 0.80014029597133 45.0692125 33.1088032277406 22.71106734049 14.9867895452299
"178" 0.00443550894356126 0.0443758161129189 0.706852239517483 0.244336435426037 0.580235280373832 0.63977337692667 0.739867976893867 0.814920816897824 50.0661464953271 34.8223814806165 22.4982184893046 14.8486336132672
"179" 0.0074871986115693 0.0723188800757326 0.697098351955708 0.22309556935699 0.614782375478927 0.618375565251884 0.646531538445711 0.784086305773435 46.2090946360153 35.7084222729076 24.3919697578239 15.2508114761476
"180" 0.00770465063851795 0.0528650426341683 0.63522921667175 0.304201090055564 0.552739156626506 0.584540837827668 0.685096622270469 0.798865079884043 51.1960655765921 36.6740429951085 23.352535967183 14.8943524422939
"181" 0.00282103362672083 0.0194651320243737 0.56285262920334 0.414861205145565 0.542578 0.542022898550725 0.706704129911788 0.820986876104991 51.345796 37.6772437681159 22.1255714314354 14.7354249830001
"182" 0.0345433839543061 0.106905741674543 0.596571197116542 0.26197967725461 0.680459741694282 0.659956579633748 0.651144600571701 0.740707099723271 44.9009197977738 35.3002646651841 24.3429516351542 15.4173884457241
"183" 0.00272590754766258 0.0336576129537738 0.683141812483677 0.280474667014886 0.536594610778443 0.583154316197866 0.704904912548982 0.802362957574347 50.5923305389222 36.3114940834142 22.7035060475007 15.013044980504
"184" 0.00602479745758919 0.0518777136206974 0.588084687346135 0.354012801575579 0.676920653789004 0.667562053494392 0.666180008220179 0.789488213427741 44.9905783060921 34.4586355823986 23.5807722188394 14.9544301378177
"185" 0.00551038538960674 0.0645164917962732 0.674864770644265 0.255108352169855 0.635509489795918 0.673126686421475 0.699473430704371 0.791090562045405 45.197882755102 34.005817727035 23.4032767375981 15.0551359025788
"186" 0.0272067116484299 0.122153188626605 0.651081343121154 0.199558756603811 0.656390254545455 0.671146942577144 0.699850758243428 0.788831842744534 46.1989513818182 34.5213852676764 23.8051243625589 15.0453196916365
"187" 0.0162071818993489 0.104930206223732 0.633043705494218 0.245818906382701 0.606390829694323 0.654161538860641 0.679774128826969 0.781458067016588 47.3330779308028 34.9200465601328 23.9337159451324 15.0558247669036
"188" 0.00193972117925973 0.0227718729085609 0.583339950315914 0.391948455596266 0.630685087719298 0.670737359900374 0.759173868022674 0.836079380951003 46.7266450292398 33.8730573349938 21.6241628326414 14.4987727881805
"189" 0.00702142496453219 0.05314160675211 0.613148339625364 0.326688628657994 0.638286558219178 0.676816742081448 0.70042875897094 0.81511585639629 45.6272313356164 34.03166989819 22.9662872181262 14.789480156043
"190" 0.0132821660803752 0.0924208506555804 0.658117471484916 0.236179511779128 0.660854895666132 0.692629158016148 0.707599193365512 0.812935159776133 45.1823308186196 33.7000558477509 23.5083791538437 14.8053044863694
"191" 0.000753652784868597 0.0106970072691027 0.531519704373617 0.457029635572411 0.580029032258065 0.627494772727273 0.752455907240543 0.835782206500346 52.3046709677419 34.6640009090909 21.0158060696153 14.5322650566519
"192" 0.0165725047080979 0.0493946731234867 0.678288942695722 0.255743879472693 0.624210064935065 0.660074074074074 0.694557345708393 0.794204439301494 45.4192672077922 34.6091925925926 23.2448062906552 15.0415110035767
"193" 0.00303503295178633 0.0485605272285813 0.647814776274714 0.300589663544919 0.628589714285714 0.669266357142857 0.683900104409284 0.785276805908147 45.2221228571429 34.1575833214286 23.3063632024202 15.0684143837988
"194" 0.00451150739216583 0.0539475689681451 0.697599451303155 0.243941472336534 0.646576689189189 0.680839412346377 0.732300777810551 0.811666779131521 44.9549219594595 33.8618734143241 22.6789712723539 14.874701968135
"195" 0.0152542372881356 0.0198599852616065 0.576013264554164 0.388872512896094 0.652755555555556 0.615011502782931 0.73761737990149 0.844395035057798 43.3675929951691 35.6178287569573 21.4280838674599 14.6986512222854
"196" 0.00387733521325344 0.0328986018094231 0.652097285865351 0.311126777111973 0.552457575757576 0.577436785714286 0.679063171171171 0.778136555891239 49.2031606060606 36.7419267857143 22.9329886846847 15.189761744713
"197" 0.00383931503901605 0.0415076389911322 0.706048903133742 0.24860414283611 0.550573451327434 0.614568758526603 0.715468249334317 0.801258885699968 50.5144433628319 35.4031667939973 22.6096125533348 15.0317123730126
"198" 0.00295690717686036 0.0392935083731922 0.764278525956331 0.193471058493617 0.561478585086042 0.626248690647482 0.757295190152462 0.808318179427235 49.4795992351816 34.9193169784173 22.2746268099807 14.9796704354179
"199" 0.00758818973099999 0.065316852870515 0.730084284045109 0.197010673353376 0.559721280276817 0.56759381940606 0.667733430286138 0.792290567420784 48.7787680795848 37.2033281644138 24.1858115556654 15.2343501949155
"200" 0.0156792231652057 0.082742831158957 0.645739033283665 0.255838912392172 0.586585468153115 0.646388381025543 0.678605262440561 0.741699978499658 49.1081294924768 35.18167021022 23.765665874398 15.4532627016851
"201" 0.00629027738862426 0.0511627906976744 0.693341472201097 0.249205459712605 0.593980082723513 0.61643226020967 0.699222023467606 0.779066658635699 47.6493657970092 35.6822549170709 23.1175634730902 15.183370703834
"202" 0.00850984184421499 0.0411454596499984 0.638244377203107 0.31210032130268 0.581273313782991 0.569144776345716 0.629594544530356 0.768957169415292 49.2986414222874 37.3300055041698 24.180940640854 15.2928069245377
"203" 0.00136671610107883 0.00982872430137544 0.580883422024485 0.407921137573061 0.570446808510638 0.568013017751479 0.737753804565479 0.806330702879954 49.4652808510638 37.0057221893491 21.3341207448939 14.8933142785857
"204" 0.00287544336926203 0.0268776473019043 0.645459554392369 0.324787354936465 0.550216766467066 0.586751441383728 0.679007832048444 0.782619424269734 50.5002562874252 36.4138324151185 22.9222270066957 15.1676408895722
"205" 0.00829740502725128 0.0510859838932726 0.621125843976247 0.319490767103229 0.54374362745098 0.58611775477707 0.678487643245367 0.797714602164227 50.4120950980392 36.7862027070064 23.2068934909305 14.9940336982813
"206" 0.00220443029254627 0.0409197373053901 0.673361603110696 0.283514229291367 0.578929166666667 0.65098406285073 0.710394543718456 0.808544578833693 48.9322361111111 34.4989126823793 22.7851405992816 14.913524600432
"207" 0.0185821673282036 0.019003481384571 0.688404993680289 0.274009357606936 0.6462276849642 0.663400583430572 0.774488123691416 0.82931889617221 43.9043710023866 34.3181964994166 21.2591441230472 14.7895385773246
"208" 0.0147027335664835 0.0313325244450789 0.636892441652987 0.317072300335451 0.686173786407767 0.706393394077449 0.744546982686166 0.835295948227349 41.305945631068 32.9414644646925 22.1184103154592 14.643710669668
"209" 0.0122190234472249 0.0807344446802218 0.625260445819751 0.281786086052803 0.592546219061944 0.633960444131708 0.690861358206801 0.819579119106773 47.2087847121564 35.2163108652911 23.5352508495139 14.8452694610636
"210" 0.00314112631815122 0.0278214045321965 0.617231321516715 0.351806147632937 0.505435714285714 0.551698387096774 0.667567975281716 0.80419693877551 53.5728857142857 37.0049766129032 23.0300071610324 14.9987831632653
"211" 0.00279023418036871 0.0210264075734928 0.631281424106536 0.344901934139602 0.60700974025974 0.609214261094356 0.721296010561965 0.809220999684808 45.9982590909091 35.558625247738 22.2836022860341 14.8051508142467
"212" 0.00470663742846446 0.0444040339210687 0.579587931516048 0.371301397134418 0.621007196969697 0.662173253479657 0.715952415179075 0.826606870198463 46.3029296085859 34.3175507360814 22.524081547027 14.6012558170615
"213" 0.00683120024454102 0.0628585604862468 0.6869653433985 0.243344895870712 0.610936511024643 0.637459630699838 0.702425154125932 0.808148084835245 47.1837935149157 35.053036690394 23.2936476249129 14.9585997851811
"214" 0.0204432759503948 0.129588690401395 0.63119391217055 0.21877412147766 0.653653752110773 0.700164942247038 0.67797266128503 0.789927384559065 46.1835376021614 34.2135623774614 24.1663951744657 15.1188530580171
"215" 0.00352943001644482 0.0368612119519687 0.602795618852586 0.356813739179 0.565728131868132 0.585226325757576 0.68199800540471 0.812316239483467 48.5882087912088 36.6096539351852 23.0888158164972 14.7779749907607
"216" 0.00316360801247451 0.0165377234017033 0.577350965575147 0.402947703010675 0.603040758293839 0.607302901178604 0.717742031318981 0.826059877209302 51.5818606635071 35.649260743427 21.8349182070792 14.7134897674419
